BZ-DPP-BZ-B3TA-B3TA -323.98470	1334.81657	-37.67965 19.66475	0.34769125	27.03
BZ-DPP-BZ-B3TA-BZ -235.39196	962.53364	-38.06831 19.64557	0.35262971	27.40
BZ-DPP-BZ-B3TA-EDOT -243.88859	1043.03926	-39.18776 25.83700	0.38791443	35.04
BZ-DPP-BZ-B3TA-MEET -280.24122	1123.36525	-37.94826 19.40718	0.35507634	28.03
BZ-DPP-BZ-B3TA-NDT -280.30598	1254.85797	-37.51997 20.28411	0.35531558	29.44
BZ-DPP-BZ-B3TA-SNS -262.52874	1213.81426	-38.70773 23.81671	0.38653321	34.95
BZ-DPP-BZ-B3TA-T -234.58047	983.13888	-38.16027 19.88144	0.35798224	28.27
BZ-DPP-BZ-B3TA-T6C -262.45047	1078.55816	-38.81002 19.56306	0.34490372	26.01
BZ-DPP-BZ-B3TA-TT -249.67328	1077.89180	-37.75710 20.50285	0.36071777	28.37
BZ-DPP-BZ-BZ-B3TA -235.65512	948.75643	-37.33452 19.93466	0.35279486	27.83
BZ-DPP-BZ-BZ-BZ -148.21454	596.40910	-37.32177 20.27935	0.38616410	34.70
BZ-DPP-BZ-BZ-EDOT -158.77076	674.82952	-38.61657 26.27719	0.41928067	37.52
BZ-DPP-BZ-BZ-MEET -193.37077	758.32867	-38.21626 21.34496	0.37921150	31.60
BZ-DPP-BZ-BZ-NDT -192.42256	861.72240	-37.04411 21.59864	0.38349715	32.60
BZ-DPP-BZ-BZ-SNS -175.76947	826.74396	-38.30466 24.47906	0.42135439	40.16
BZ-DPP-BZ-BZ-T -147.36117	618.27127	-37.76267 19.83178	0.39314854	34.56
BZ-DPP-BZ-BZ-T6C -177.10115	710.50516	-37.99051 19.89073	0.35894723	29.27
BZ-DPP-BZ-BZ-TT -162.99054	701.74070	-37.35063 20.50664	0.38812087	32.65
BZ-DPP-BZ-EDOT-B3TA -253.56837	1105.97508	-39.95941 28.32922	0.39353501	33.16
BZ-DPP-BZ-EDOT-BZ -163.47809	702.90550	-39.11969 27.87832	0.42103180	36.57
BZ-DPP-BZ-EDOT-EDOT -177.73490	776.43210	-41.12283 26.55277	0.46621113	44.98
BZ-DPP-BZ-EDOT-MEET -208.13664	863.67732	-40.09432 28.34666	0.40570543	32.98
BZ-DPP-BZ-EDOT-NDT -210.56737	997.56681	-38.64769 28.28531	0.41441997	38.33
BZ-DPP-BZ-EDOT-SNS -195.06927	972.89994	-40.06496 26.32646	0.45304490	44.50
BZ-DPP-BZ-EDOT-T -161.85093	721.87730	-39.85427 28.86255	0.43806913	38.46
BZ-DPP-BZ-EDOT-T6C -191.93941	815.04396	-40.37049 28.25341	0.39144607	32.40
BZ-DPP-BZ-EDOT-TT -179.13536	820.40212	-39.26901 28.35680	0.42660964	37.12
BZ-DPP-BZ-MEET-B3TA -284.95072	1108.23817	-38.10310 20.05792	0.34313311	24.84
BZ-DPP-BZ-MEET-BZ -195.09188	764.34535	-37.67113 20.19058	0.36745471	28.96
BZ-DPP-BZ-MEET-EDOT -210.45575	763.62388	-38.76036 25.27261	0.40499232	35.18
BZ-DPP-BZ-MEET-MEET -240.85798	938.20788	-38.25393 24.05394	0.37112263	28.28
BZ-DPP-BZ-MEET-NDT -239.51711	1049.66570	-37.31106 20.66633	0.36554736	28.94
BZ-DPP-BZ-MEET-SNS -223.68237	1010.56788	-38.96619 27.82411	0.40785082	35.65
BZ-DPP-BZ-MEET-T -194.89578	780.55674	-37.75764 19.86860	0.37334537	29.82
BZ-DPP-BZ-MEET-T6C -224.84573	883.74581	-38.27549 19.30783	0.35391777	26.00
BZ-DPP-BZ-MEET-TT -210.31771	882.34663	-37.66131 20.34174	0.36915982	29.09
BZ-DPP-BZ-NDT-B3TA -279.67668	1287.94630	-37.26343 21.86638	0.35048990	26.40
BZ-DPP-BZ-NDT-BZ -191.92172	893.73030	-37.06638 21.87643	0.37806468	31.69
BZ-DPP-BZ-NDT-EDOT -202.02127	983.70403	-37.79995 27.52523	0.41018782	39.08
BZ-DPP-BZ-NDT-MEET -236.59907	1055.42780	-37.62493 21.92862	0.37042041	29.30
BZ-DPP-BZ-NDT-NDT -236.02633	1193.94526	-36.80055 21.14503	0.36710078	29.27
BZ-DPP-BZ-NDT-SNS -217.42730	1147.61516	-38.01418 24.98667	0.40595883	36.59
BZ-DPP-BZ-NDT-T -190.86119	922.15790	-37.13676 20.70394	0.37851376	31.38
BZ-DPP-BZ-NDT-T6C -219.79629	1006.77268	-37.39547 21.19050	0.35623296	27.54
BZ-DPP-BZ-NDT-TT -206.03975	1029.47669	-37.04843 21.08477	0.37309722	30.05
BZ-DPP-BZ-SNS-B3TA -272.52501	1354.47008	-38.78317 25.05992	0.37714148	30.28
BZ-DPP-BZ-SNS-BZ -179.99656	903.21703	-38.92720 25.99750	0.41509864	35.95
BZ-DPP-BZ-SNS-EDOT -189.75336	1005.54768	-39.95822 28.60489	0.44973689	42.75
BZ-DPP-BZ-SNS-MEET -225.50721	1077.72308	-39.19030 25.17878	0.39501850	32.30
BZ-DPP-BZ-SNS-NDT -227.86116	1249.13055	-38.34249 26.37090	0.40104990	33.09
BZ-DPP-BZ-SNS-SNS -209.42815	1205.41069	-39.98519 25.18188	0.44105693	41.92
BZ-DPP-BZ-SNS-T -177.94335	927.26722	-39.15465 26.54475	0.42743617	37.39
BZ-DPP-BZ-SNS-T6C -208.96520	1024.01182	-38.98793 27.01617	0.38273454	31.21
BZ-DPP-BZ-SNS-TT -194.53494	1037.11250	-39.12501 26.47827	0.41815712	34.89
BZ-DPP-BZ-T6C-B3TA -266.67899	1134.32106	-38.51229 21.66975	0.33351318	24.35
BZ-DPP-BZ-T6C-BZ -178.13596	710.26948	-38.18230 19.16719	0.34185204	25.90
BZ-DPP-BZ-T6C-EDOT -192.95579	814.99936	-39.83781 27.38277	0.37879301	32.02
BZ-DPP-BZ-T6C-MEET -224.79603	875.31378	-38.66199 19.03430	0.35769047	27.52
BZ-DPP-BZ-T6C-NDT -223.73081	984.54979	-37.52501 20.13698	0.33749536	25.53
BZ-DPP-BZ-T6C-SNS -210.31335	990.97980	-38.95416 27.23029	0.37168094	31.43
BZ-DPP-BZ-T6C-T -178.26086	758.65981	-37.97762 19.73266	0.35060978	27.28
BZ-DPP-BZ-T6C-T6C -208.04004	819.47802	-38.55099 18.70573	0.34224191	22.81
BZ-DPP-BZ-T6C-TT -193.90428	840.11923	-37.89182 20.80466	0.34426331	25.46
BZ-DPP-BZ-T-B3TA -236.30049	1033.58319	-37.62664 20.21897	0.35593989	26.80
BZ-DPP-BZ-T-BZ -147.67970	644.01431	-37.66817 20.87661	0.39204655	33.80
BZ-DPP-BZ-T-EDOT -161.34691	726.86026	-39.00450 27.89668	0.43112069	39.29
BZ-DPP-BZ-T-MEET -193.48565	797.36284	-38.40288 21.82485	0.38535031	31.75
BZ-DPP-BZ-T-NDT -192.55654	939.33003	-37.20769 23.19838	0.37951400	30.86
BZ-DPP-BZ-T-SNS -178.91112	901.52494	-38.59224 27.61561	0.42169469	37.21
BZ-DPP-BZ-T-T -147.37398	661.83234	-37.74630 21.89516	0.39446065	33.66
BZ-DPP-BZ-T-T6C -177.49381	760.27459	-38.20294 21.68006	0.36228982	28.38
BZ-DPP-BZ-TT-B3TA -251.57682	1157.97890	-37.68930 22.81923	0.34910741	25.22
BZ-DPP-BZ-TT-BZ -162.96765	761.25386	-37.64505 24.07408	0.38509087	32.02
BZ-DPP-BZ-TT-EDOT -173.83652	854.24388	-39.13040 28.08999	0.42179669	36.61
BZ-DPP-BZ-TT-MEET -209.13941	935.03956	-38.08664 20.97095	0.37266567	30.19
BZ-DPP-BZ-TT-NDT -207.89829	1074.63897	-37.16475 24.99389	0.37299539	30.16
BZ-DPP-BZ-TT-SNS -189.58693	1046.35111	-38.73297 28.49750	0.41157250	33.88
BZ-DPP-BZ-T-TT -162.56157	774.79550	-37.80800 21.20498	0.38720108	32.74
BZ-DPP-BZ-TT-T -162.10054	779.95239	-37.68590 23.85904	0.38726913	32.16
BZ-DPP-BZ-TT-T6C -192.10359	882.13152	-38.24415 20.54121	0.35702184	26.50
BZ-DPP-BZ-TT-TT -177.79365	892.85364	-37.57295 21.76801	0.37802549	31.61
EDOT-DPP-EDOT-B3TA-B3TA -348.49926	1458.81272	-44.14503 27.09724	0.41571065	39.71
EDOT-DPP-EDOT-B3TA-BZ -261.41430	1085.90106	-45.10505 27.17169	0.44045929	41.66
EDOT-DPP-EDOT-B3TA-EDOT -266.64125	1167.67646	-46.57807 26.33310	0.47563013	49.61
EDOT-DPP-EDOT-B3TA-MEET -303.50667	1208.82184	-43.73028 27.55553	0.42859475	40.52
EDOT-DPP-EDOT-B3TA-NDT -305.13002	1380.24965	-44.38942 27.21938	0.43922066	43.30
EDOT-DPP-EDOT-B3TA-SNS -289.23357	1349.59478	-45.39058 26.90835	0.46485409	48.12
EDOT-DPP-EDOT-B3TA-T -260.62998	1116.02612	-44.76331 27.14551	0.44684909	42.73
EDOT-DPP-EDOT-B3TA-T6C -287.17108	1209.96937	-45.53269 26.85529	0.42053119	39.87
EDOT-DPP-EDOT-B3TA-TT -275.82301	1212.17186	-44.52518 27.23013	0.44172565	42.35
EDOT-DPP-EDOT-BZ-B3TA -261.35235	1056.21422	-43.86033 26.75153	0.42993437	40.04
EDOT-DPP-EDOT-BZ-BZ -174.65941	689.98859	-44.15451 26.73594	0.48457984	46.04
EDOT-DPP-EDOT-BZ-EDOT -182.74438	767.33115	-45.62240 25.98637	0.52227833	52.60
EDOT-DPP-EDOT-BZ-MEET -219.72314	847.74775	-44.60020 26.92873	0.45095922	40.57
EDOT-DPP-EDOT-BZ-NDT -218.45027	966.16140	-43.67115 27.75144	0.46867482	46.47
EDOT-DPP-EDOT-BZ-SNS -203.42907	930.75800	-44.95882 26.73747	0.51050218	53.13
EDOT-DPP-EDOT-BZ-T -174.02089	711.33665	-44.20311 26.61981	0.49396577	48.02
EDOT-DPP-EDOT-BZ-T6C -202.83125	801.06344	-44.69388 26.92514	0.44082841	40.41
EDOT-DPP-EDOT-BZ-TT -189.18475	802.67086	-43.98626 26.87442	0.48555572	47.60
EDOT-DPP-EDOT-EDOT-B3TA -273.70184	1129.10053	-45.53056 26.48134	0.44046294	43.58
EDOT-DPP-EDOT-EDOT-BZ -189.45770	757.23974	-45.93192 26.13818	0.48889310	47.98
EDOT-DPP-EDOT-EDOT-EDOT -199.77378	736.18911	-48.67456 25.57746	0.55952827	60.33
EDOT-DPP-EDOT-EDOT-MEET -229.91148	904.48676	-46.28130 26.20598	0.45631275	42.34
EDOT-DPP-EDOT-EDOT-NDT -233.74032	978.36185	-46.23611 26.74379	0.51255607	53.73
EDOT-DPP-EDOT-EDOT-SNS -219.71696	997.83437	-46.39263 25.57335	0.50947373	54.46
EDOT-DPP-EDOT-EDOT-T -187.76914	732.05863	-47.36529 25.67741	0.53994065	56.12
EDOT-DPP-EDOT-EDOT-T6C -217.20276	858.67013	-46.30827 26.23393	0.44346953	42.57
EDOT-DPP-EDOT-EDOT-TT -203.41897	814.30115	-47.01565 25.87537	0.53055107	55.47
EDOT-DPP-EDOT-MEET-B3TA -308.13945	1255.49823	-44.18836 27.36803	0.41308003	36.28
EDOT-DPP-EDOT-MEET-BZ -221.01592	854.17783	-44.54838 27.31694	0.41756797	35.33
EDOT-DPP-EDOT-MEET-EDOT -233.85021	945.82967	-46.31936 25.87025	0.47918659	46.37
EDOT-DPP-EDOT-MEET-MEET -265.91863	975.72504	-46.12135 27.62274	0.44763422	39.99
EDOT-DPP-EDOT-MEET-NDT -262.81514	1159.24337	-43.72825 27.69040	0.41583551	37.39
EDOT-DPP-EDOT-MEET-SNS -246.62769	1103.03996	-45.32525 26.59602	0.45255722	43.86
EDOT-DPP-EDOT-MEET-T -221.88140	899.22358	-45.02970 26.81050	0.43714919	39.89
EDOT-DPP-EDOT-MEET-T6C -248.41184	998.19752	-45.34763 26.39124	0.40834834	36.19
EDOT-DPP-EDOT-MEET-TT -238.54524	1002.69506	-44.32142 27.51084	0.45372821	41.68
EDOT-DPP-EDOT-NDT-B3TA -303.83624	1368.80690	-44.97448 28.05508	0.42544845	39.37
EDOT-DPP-EDOT-NDT-BZ -218.21119	1014.43561	-43.68300 27.51423	0.44083533	43.64
EDOT-DPP-EDOT-NDT-EDOT -223.68578	1085.71591	-44.57621 27.15510	0.47277877	48.43
EDOT-DPP-EDOT-NDT-MEET -259.51414	1129.37134	-45.07270 27.83781	0.44725686	42.83
EDOT-DPP-EDOT-NDT-NDT -259.81475	1288.93363	-43.06821 28.49085	0.44980122	43.71
EDOT-DPP-EDOT-NDT-SNS -237.49368	1262.24593	-44.58494 26.90557	0.46145083	48.28
EDOT-DPP-EDOT-NDT-T -216.82597	1030.13598	-43.76994 27.32848	0.44503499	43.94
EDOT-DPP-EDOT-NDT-T6C -244.24398	1088.90266	-45.18210 28.18314	0.44048017	42.57
EDOT-DPP-EDOT-NDT-TT -232.19035	1081.61799	-44.75960 28.39908	0.47474338	46.59
EDOT-DPP-EDOT-SNS-B3TA -291.47823	1458.55465	-45.56549 26.39263	0.42760810	40.93
EDOT-DPP-EDOT-SNS-BZ -207.27698	997.21431	-45.20902 26.34611	0.47365188	48.25
EDOT-DPP-EDOT-SNS-EDOT -216.29864	1036.78516	-48.76950 26.78672	0.54235411	57.89
EDOT-DPP-EDOT-SNS-MEET -250.34647	1148.61457	-45.29171 25.94545	0.45952794	44.90
EDOT-DPP-EDOT-SNS-NDT -251.87008	1346.69193	-44.53941 26.85659	0.45444181	46.21
EDOT-DPP-EDOT-SNS-SNS -231.95221	1297.69731	-46.39828 25.58387	0.48840398	52.78
EDOT-DPP-EDOT-SNS-T -206.06883	1022.44756	-45.34483 26.04974	0.47680591	48.94
EDOT-DPP-EDOT-SNS-T6C -231.44004	1115.99374	-46.12092 25.61331	0.43233522	41.49
EDOT-DPP-EDOT-SNS-TT -221.92385	1148.67336	-45.03202 26.27595	0.46831687	47.27
EDOT-DPP-EDOT-T6C-B3TA -290.93780	1209.63202	-44.75874 26.60031	0.38011040	32.32
EDOT-DPP-EDOT-T6C-BZ -204.87831	798.43820	-45.01863 26.94861	0.39926352	35.27
EDOT-DPP-EDOT-T6C-EDOT -217.66902	840.61086	-45.62909 25.75309	0.46383064	45.47
EDOT-DPP-EDOT-T6C-MEET -248.93210	969.62834	-45.33664 26.19251	0.38351323	31.74
EDOT-DPP-EDOT-T6C-NDT -249.08463	1079.81485	-43.91934 27.38014	0.42734461	40.90
EDOT-DPP-EDOT-T6C-SNS -233.42933	1053.64853	-45.31538 27.19634	0.44820065	44.82
EDOT-DPP-EDOT-T6C-T -204.68936	830.01533	-44.59241 27.19738	0.43205067	40.43
EDOT-DPP-EDOT-T6C-T6C -233.58086	900.15905	-45.18276 26.58656	0.41290925	36.30
EDOT-DPP-EDOT-T6C-TT -221.84344	922.12185	-43.94126 27.22653	0.39741671	36.49
EDOT-DPP-EDOT-T-B3TA -261.99821	1156.73966	-44.43454 27.34261	0.40628575	35.39
EDOT-DPP-EDOT-T-BZ -176.70367	743.12859	-44.45080 27.14974	0.45839354	43.76
EDOT-DPP-EDOT-T-EDOT -185.83259	804.83864	-46.24579 26.41836	0.53354833	54.35
EDOT-DPP-EDOT-T-MEET -218.77398	885.58094	-44.76195 26.87764	0.45859054	42.35
EDOT-DPP-EDOT-T-NDT -218.73446	1039.88556	-43.35312 28.08546	0.47088606	46.34
EDOT-DPP-EDOT-T-SNS -201.46747	994.66423	-45.19281 27.24986	0.51576505	53.60
EDOT-DPP-EDOT-T-T -175.95404	760.13229	-44.55460 27.13272	0.46381912	44.37
EDOT-DPP-EDOT-T-T6C -205.08627	852.14778	-44.89562 26.48926	0.41876707	37.52
EDOT-DPP-EDOT-TT-B3TA -275.53934	1259.89480	-43.90478 28.33014	0.40619746	36.75
EDOT-DPP-EDOT-TT-BZ -190.55743	859.00286	-44.22876 27.26805	0.45072043	42.46
EDOT-DPP-EDOT-TT-EDOT -198.88845	938.24845	-45.58830 26.75213	0.48425053	48.77
EDOT-DPP-EDOT-TT-MEET -231.86898	1008.06786	-45.70619 27.79947	0.45537593	42.42
EDOT-DPP-EDOT-TT-NDT -233.43165	1158.51643	-43.38049 28.23326	0.45933736	43.83
EDOT-DPP-EDOT-TT-SNS -212.13701	1106.42571	-46.54119 27.26664	0.51118045	54.06
EDOT-DPP-EDOT-T-TT -189.50128	856.13470	-44.06697 27.73345	0.48901600	47.21
EDOT-DPP-EDOT-TT-T -189.41216	869.50530	-44.43687 27.10005	0.45806008	42.12
EDOT-DPP-EDOT-TT-T6C -216.60452	953.70242	-46.10980 27.67015	0.44874669	41.91
EDOT-DPP-EDOT-TT-TT -204.35242	968.00276	-43.88176 27.67818	0.47654629	45.39
T-DPP-T-B3TA-B3TA -322.72527	1367.02060	-37.12534 21.47205	0.36054726	32.02
T-DPP-T-B3TA-BZ -235.07030	1035.95505	-38.77579 21.27865	0.37059347	30.00
T-DPP-T-B3TA-EDOT -246.66506	1085.93304	-38.64198 25.91178	0.42327653	43.57
T-DPP-T-B3TA-MEET -278.03027	1223.67018	-39.24468 20.83284	0.37491038	31.05
T-DPP-T-B3TA-NDT -279.76026	1356.41971	-38.03033 21.74246	0.37045097	31.23
T-DPP-T-B3TA-SNS -261.79196	1400.04044	-35.94228 25.35656	0.38222134	34.37
T-DPP-T-B3TA-T -233.01707	1062.26282	-38.92724 20.91302	0.38299246	31.89
T-DPP-T-B3TA-T6C -262.61215	1217.19665	-35.67441 17.70908	0.33258351	24.30
T-DPP-T-B3TA-TT -249.27081	1167.87830	-38.86581 21.22906	0.37300132	29.52
T-DPP-T-BZ-B3TA -234.72699	1067.71093	-37.93179 21.54540	0.35556580	26.57
T-DPP-T-BZ-BZ -147.92687	634.65057	-38.30189 21.91983	0.41145456	36.46
T-DPP-T-BZ-EDOT -157.14026	721.62110	-38.69260 27.02713	0.43942422	43.06
T-DPP-T-BZ-MEET -192.72792	797.93768	-38.54071 21.35481	0.39844346	33.60
T-DPP-T-BZ-NDT -190.76722	986.67246	-34.34611 21.06909	0.37339446	30.91
T-DPP-T-BZ-SNS -172.33531	896.00292	-38.96670 24.75445	0.45431203	44.50
T-DPP-T-BZ-T -146.74876	661.74531	-38.06909 21.82152	0.42318965	37.59
T-DPP-T-BZ-T6C -177.04491	756.02252	-38.68772 21.15829	0.38131050	31.44
T-DPP-T-BZ-TT -161.54753	816.13977	-37.90043 23.69120	0.39670032	32.72
T-DPP-T-EDOT-B3TA -255.92369	1165.42779	-38.42952 25.80456	0.39695780	35.60
T-DPP-T-EDOT-BZ -160.80899	715.08048	-40.91192 28.91847	0.46128900	44.03
T-DPP-T-EDOT-EDOT -172.77870	754.30287	-43.55164 27.37701	0.50630313	52.29
T-DPP-T-EDOT-MEET -214.49048	889.15612	-40.56604 26.34424	0.42861009	39.43
T-DPP-T-EDOT-NDT -209.32507	1079.93369	-39.30908 30.60829	0.42368508	36.89
T-DPP-T-EDOT-SNS -194.07435	1053.36734	-37.98774 28.09049	0.45373656	43.30
T-DPP-T-EDOT-T -159.86854	722.80499	-42.38995 29.34592	0.47770564	45.22
T-DPP-T-EDOT-T6C -193.09125	879.25783	-40.27469 29.39686	0.40448438	33.18
T-DPP-T-EDOT-TT -176.75375	833.18334	-40.57052 29.52985	0.46517764	44.55
T-DPP-T-MEET-B3TA -283.39888	1211.79357	-38.52664 21.62099	0.35525579	25.33
T-DPP-T-MEET-BZ -195.16454	790.36665	-38.59386 21.73046	0.38096358	29.28
T-DPP-T-MEET-EDOT -208.03763	940.86943	-40.39807 26.24635	0.41765044	36.69
T-DPP-T-MEET-MEET -243.61685	954.13959	-38.73873 21.25562	0.38615963	32.23
T-DPP-T-MEET-NDT -238.67344	1106.07803	-35.66484 22.28408	0.36618524	28.58
T-DPP-T-MEET-SNS -223.10505	1082.36439	-39.59474 24.22195	0.41091042	35.56
T-DPP-T-MEET-T -194.86843	879.86503	-38.56207 23.19626	0.39198227	33.68
T-DPP-T-MEET-T6C -226.45957	945.58582	-39.09329 20.49254	0.37395613	30.07
T-DPP-T-MEET-TT -211.24111	930.10356	-38.44143 22.02925	0.38785830	29.89
T-DPP-T-NDT-B3TA -278.15211	1388.18157	-37.28186 22.12067	0.34413772	23.96
T-DPP-T-NDT-BZ -191.10574	948.25043	-37.03566 22.64948	0.39157655	32.32
T-DPP-T-NDT-EDOT -197.65808	1089.11553	-35.28822 28.11432	0.40058855	35.62
T-DPP-T-NDT-MEET -235.29956	1161.96214	-37.61616 21.79303	0.36926387	28.86
T-DPP-T-NDT-NDT -234.98057	1235.80605	-37.07702 23.09797	0.37871553	30.02
T-DPP-T-NDT-SNS -216.28876	1271.94518	-38.08313 25.61482	0.40480281	33.81
T-DPP-T-NDT-T -190.34500	967.00201	-37.47179 22.62864	0.39485808	32.46
T-DPP-T-NDT-T6C -218.01381	1122.88201	-34.58273 19.89310	0.34587166	25.75
T-DPP-T-NDT-TT -205.28331	1073.43630	-37.01900 22.74709	0.38856406	31.10
T-DPP-T-SNS-B3TA -272.95103	1403.31409	-38.93006 24.11634	0.38673011	32.08
T-DPP-T-SNS-BZ -181.40313	936.43092	-36.15578 27.95455	0.41797891	38.65
T-DPP-T-SNS-EDOT -192.61034	1024.35847	-40.59632 28.22025	0.46290049	46.71
T-DPP-T-SNS-MEET -224.82825	1164.15953	-39.48158 27.10807	0.40270189	33.52
T-DPP-T-SNS-NDT -228.53884	1283.38803	-38.22005 25.66656	0.41122205	35.29
T-DPP-T-SNS-SNS -208.91535	1257.97696	-39.78831 24.17708	0.44883402	45.06
T-DPP-T-SNS-T -178.28225	1021.82412	-36.63607 27.06322	0.41478282	37.15
T-DPP-T-SNS-T6C -210.25831	1057.82840	-39.79296 26.74090	0.39664840	34.34
T-DPP-T-SNS-TT -194.43336	1152.28965	-36.48694 26.59314	0.40723693	35.45
T-DPP-T-T6C-B3TA -265.80262	1174.43870	-35.82437 18.24034	0.32342726	22.91
T-DPP-T-T6C-BZ -178.03113	736.68449	-36.83379 20.89981	0.34165687	27.33
T-DPP-T-T6C-EDOT -190.48189	829.12317	-39.50614 27.59310	0.39992624	32.36
T-DPP-T-T6C-MEET -223.74602	951.55970	-36.16847 18.97940	0.35683666	28.95
T-DPP-T-T6C-NDT -222.38692	1110.70255	-37.93893 21.58868	0.34393701	25.10
T-DPP-T-T6C-SNS -206.89870	1004.80420	-39.76221 24.82110	0.38178768	33.25
T-DPP-T-T6C-T -177.29419	801.35932	-38.41573 20.99220	0.35555513	26.69
T-DPP-T-T6C-T6C -208.15388	869.36502	-38.61988 20.96192	0.33812905	24.66
T-DPP-T-T6C-TT -192.52672	927.72032	-35.30473 21.39972	0.33869899	26.04
T-DPP-T-T-B3TA -235.75131	1117.91201	-38.10329 21.50828	0.35124212	24.67
T-DPP-T-T-BZ -147.10583	707.27202	-37.89017 21.46771	0.39238787	32.36
T-DPP-T-T-EDOT -160.64561	792.00827	-36.73844 27.81646	0.42289824	37.76
T-DPP-T-T-MEET -193.38175	887.73788	-35.57601 20.51439	0.37032753	30.84
T-DPP-T-T-NDT -191.49189	1005.81765	-35.63412 22.65519	0.38308506	31.90
T-DPP-T-T-SNS -175.82327	1006.91942	-36.24589 28.68359	0.41372620	36.00
T-DPP-T-T-T -146.69229	716.96718	-37.84754 21.58881	0.39291911	32.67
T-DPP-T-T-T6C -176.40794	795.95954	-38.86838 21.25334	0.38171278	29.99
T-DPP-T-TT-B3TA -250.60003	1277.33947	-37.84242 22.66454	0.35078564	24.57
T-DPP-T-TT-BZ -162.78140	789.23341	-35.89696 22.05662	0.38762989	33.17
T-DPP-T-TT-EDOT -175.64392	872.53923	-39.29185 27.17962	0.44309362	40.86
T-DPP-T-TT-MEET -207.70651	1025.87256	-35.39787 21.18315	0.36694936	31.02
T-DPP-T-TT-NDT -206.33048	1173.04299	-37.52587 22.41561	0.36870172	29.21
T-DPP-T-TT-SNS -191.11546	1085.54361	-39.06857 28.32585	0.43193647	37.04
T-DPP-T-T-TT -162.21462	806.99907	-38.49183 21.98938	0.40755812	34.08
T-DPP-T-TT-T -162.23312	812.12183	-37.80455 22.06971	0.40375258	33.77
T-DPP-T-TT-T6C -192.08586	908.37260	-38.37575 21.39782	0.37336584	28.24
T-DPP-T-TT-TT -177.56888	930.17153	-37.68071 22.23354	0.39600538	32.73
TT-DPP-TT-B3TA-B3TA -350.22986	1715.70196	-38.13760 23.42069	0.35693410	27.92
TT-DPP-TT-B3TA-BZ -262.57503	1316.00725	-38.33754 23.34919	0.36577489	28.88
TT-DPP-TT-B3TA-EDOT -273.99898	1446.06219	-38.53221 26.30622	0.38836728	33.34
TT-DPP-TT-B3TA-MEET -305.06665	1488.33487	-38.33605 23.08146	0.36299155	28.79
TT-DPP-TT-B3TA-NDT -306.55279	1654.55416	-37.20987 23.79428	0.36163001	29.99
TT-DPP-TT-B3TA-SNS -286.99982	1630.46624	-38.97052 24.39155	0.39371308	34.94
TT-DPP-TT-B3TA-T -261.00687	1339.94159	-38.51282 23.35283	0.36635155	28.89
TT-DPP-TT-B3TA-T6C -289.61619	1453.40193	-38.39199 23.05373	0.35046213	26.47
TT-DPP-TT-B3TA-TT -275.22694	1466.10176	-34.77325 22.14203	0.34789596	25.11
TT-DPP-TT-BZ-B3TA -262.20471	1274.75348	-38.12924 23.55499	0.36270540	28.45
TT-DPP-TT-BZ-BZ -175.86393	884.84850	-37.94450 23.58916	0.39987101	35.65
TT-DPP-TT-BZ-EDOT -183.76811	1007.42953	-38.76159 27.30505	0.41954748	36.78
TT-DPP-TT-BZ-MEET -219.42179	1064.77511	-38.73798 23.20911	0.39154045	33.05
TT-DPP-TT-BZ-NDT -218.89924	1210.16664	-37.74815 24.11336	0.39225193	33.76
TT-DPP-TT-BZ-SNS -198.59126	1216.88211	-38.21260 25.68761	0.42164150	38.23
TT-DPP-TT-BZ-T -174.29559	912.45409	-38.34946 23.46315	0.40669958	36.00
TT-DPP-TT-BZ-T6C -202.97380	1022.85921	-38.60434 23.17969	0.37803484	30.72
TT-DPP-TT-BZ-TT -189.23336	1052.54242	-37.61110 23.64476	0.40295337	35.04
TT-DPP-TT-EDOT-B3TA -280.73109	1476.27321	-39.87080 29.18983	0.40422584	33.78
TT-DPP-TT-EDOT-BZ -189.53085	1009.74126	-36.37611 28.47737	0.40329234	34.07
TT-DPP-TT-EDOT-EDOT -203.03546	1104.68524	-37.94894 27.07388	0.45033110	42.86
TT-DPP-TT-EDOT-MEET -234.29340	1174.32536	-40.90961 28.95430	0.42202261	35.36
TT-DPP-TT-EDOT-NDT -235.07577	1330.07185	-39.98193 30.68344	0.42957887	38.29
TT-DPP-TT-EDOT-SNS -221.18112	1319.16684	-40.98129 28.18950	0.46837585	45.77
TT-DPP-TT-EDOT-T -186.88764	1012.63678	-40.98203 30.02343	0.45086121	39.21
TT-DPP-TT-EDOT-T6C -216.53910	1139.49190	-40.67470 29.44198	0.40569157	33.54
TT-DPP-TT-EDOT-TT -204.07477	1143.89508	-40.68828 30.32011	0.44267040	37.78
TT-DPP-TT-MEET-B3TA -309.34310	1452.71735	-37.66685 23.58629	0.35196967	25.99
TT-DPP-TT-MEET-BZ -221.43121	1058.26158	-37.94850 23.86443	0.37808696	30.96
TT-DPP-TT-MEET-EDOT -235.62868	1047.72573	-38.93991 26.23445	0.41071530	35.25
TT-DPP-TT-MEET-MEET -269.06887	1259.43411	-38.53652 22.67689	0.37296167	32.13
TT-DPP-TT-MEET-NDT -265.15309	1384.28971	-37.83256 24.26589	0.37360103	30.68
TT-DPP-TT-MEET-SNS -247.16083	1379.65864	-39.01979 25.87440	0.42063175	37.41
TT-DPP-TT-MEET-T -221.22805	1099.22785	-38.18638 23.12934	0.36805166	28.96
TT-DPP-TT-MEET-T6C -254.49642	1085.94385	-37.71133 23.34535	0.35948120	26.96
TT-DPP-TT-MEET-TT -237.58230	1273.59125	-38.44509 22.73909	0.37948185	31.58
TT-DPP-TT-NDT-B3TA -304.30313	1668.71622	-37.94583 24.26753	0.35681994	27.57
TT-DPP-TT-NDT-BZ -217.97955	1226.84454	-37.78057 24.41096	0.38390036	32.82
TT-DPP-TT-NDT-EDOT -224.33379	1316.62363	-38.65886 28.17072	0.41513624	37.38
TT-DPP-TT-NDT-MEET -267.69754	1418.04617	-34.22198 22.54877	0.34470665	25.11
TT-DPP-TT-NDT-NDT -261.04064	1549.88813	-37.38988 24.77192	0.37333346	30.77
TT-DPP-TT-NDT-SNS -239.66892	1519.98356	-38.40949 27.70621	0.41036747	36.32
TT-DPP-TT-NDT-T -216.66113	1247.86646	-37.82788 24.34937	0.38618116	32.80
TT-DPP-TT-NDT-T6C -244.19235	1366.26374	-37.21097 24.03525	0.36458084	28.57
TT-DPP-TT-NDT-TT -231.51131	1362.29851	-37.71911 24.39905	0.38114921	32.01
TT-DPP-TT-SNS-B3TA -296.43231	1723.56132	-39.33181 29.29439	0.38933133	31.34
TT-DPP-TT-SNS-BZ -204.32684	1240.79487	-39.72388 26.58133	0.42797188	37.22
TT-DPP-TT-SNS-EDOT -215.57370	1360.34774	-41.12944 26.58996	0.45686260	43.37
TT-DPP-TT-SNS-MEET -249.73229	1435.29427	-40.16786 26.59331	0.40654279	33.50
TT-DPP-TT-SNS-NDT -252.01249	1636.32368	-38.94395 27.08072	0.41100656	34.67
TT-DPP-TT-SNS-SNS -231.88624	1634.47656	-40.01507 25.67667	0.43259632	38.76
TT-DPP-TT-SNS-T -203.40930	1274.36407	-39.76050 26.16136	0.42955235	37.47
TT-DPP-TT-SNS-T6C -232.72129	1389.66378	-40.34163 28.18907	0.39953098	32.63
TT-DPP-TT-SNS-TT -219.85014	1421.73518	-39.56856 26.34472	0.42210851	35.62
TT-DPP-TT-T6C-B3TA -293.26478	1395.42153	-38.19304 23.24029	0.34093527	23.74
TT-DPP-TT-T6C-BZ -204.57287	996.77947	-38.36072 23.10833	0.36088372	28.30
TT-DPP-TT-T6C-EDOT -219.01510	1121.80202	-39.80168 26.96253	0.38090042	31.96
TT-DPP-TT-T6C-MEET -249.30501	1201.25475	-38.68869 22.86283	0.37335319	30.38
TT-DPP-TT-T6C-NDT -250.25306	1372.35465	-37.91607 23.35273	0.33976341	24.61
TT-DPP-TT-T6C-SNS -236.14768	1329.71569	-39.64669 24.94467	0.38209638	31.00
TT-DPP-TT-T6C-T -204.18053	1062.02721	-35.15740 21.80047	0.33149664	23.11
TT-DPP-TT-T6C-T6C -233.13812	1122.01304	-39.14420 22.77154	0.36334317	26.13
TT-DPP-TT-T6C-TT -220.26319	1172.15693	-37.80474 23.16901	0.36119438	28.39
TT-DPP-TT-T-B3TA -263.79213	1386.54692	-37.66578 23.28306	0.34760290	24.50
TT-DPP-TT-T-BZ -175.27703	928.96562	-38.29884 23.78156	0.40117435	35.06
TT-DPP-TT-T-EDOT -189.19913	1016.37300	-39.83644 28.11073	0.43951332	38.63
TT-DPP-TT-T-MEET -221.33783	1122.43352	-38.45027 22.66647	0.37316181	30.37
TT-DPP-TT-T-NDT -218.72948	1286.39323	-37.78824 24.49037	0.38575566	32.91
TT-DPP-TT-T-SNS -204.87032	1247.06348	-39.35636 26.26845	0.42962133	37.04
TT-DPP-TT-T-T -174.54673	957.30310	-38.41633 23.59071	0.40445610	35.60
TT-DPP-TT-T-T6C -203.82059	1060.04286	-38.78904 23.02947	0.37644210	30.01
TT-DPP-TT-TT-B3TA -278.09839	1543.57287	-37.89372 23.44790	0.34106167	24.33
TT-DPP-TT-TT-BZ -190.07892	1078.67434	-38.09379 23.90471	0.39189803	33.68
TT-DPP-TT-TT-EDOT -197.15799	1186.49120	-39.85571 28.80755	0.43059961	36.22
TT-DPP-TT-TT-MEET -233.38867	1276.34505	-38.71249 23.41305	0.38357519	32.54
TT-DPP-TT-TT-NDT -233.74570	1447.43967	-37.72316 24.41455	0.37842100	32.09
TT-DPP-TT-TT-SNS -214.09173	1450.93363	-38.65074 27.38054	0.40301687	32.64
TT-DPP-TT-T-TT -189.35703	1075.70372	-38.34853 23.77580	0.39715086	34.75
TT-DPP-TT-TT-T -188.61335	1109.44006	-38.28038 23.76403	0.39512187	34.48
TT-DPP-TT-TT-T6C -217.04986	1223.35034	-38.73399 23.39386	0.37149794	29.37
TT-DPP-TT-TT-TT -203.58087	1264.63766	-37.48981 24.01941	0.38808569	34.03
