BOSS Z-Matrix with LSDautozmat                              Tot. E =    242.3549
   1 DUM   -1   -1    0    0.000000   0    0.000000   0    0.000000 exa    1
   2 DUM   -1   -1    1    1.000000   0    0.000000   0    0.000000 exa    1
   3 H00  800  800    2    1.000000   1   90.000000   0    0.000000 exa    1
   4 C01  801  801    3    1.099580   2   90.000000   1    0.000000 exa    1
   5 C02  802  802    4    1.446353   3  119.424053   2   90.000000 exa    1
   6 C03  803  803    4    1.377967   3  119.095654   5  179.927579 exa    1
   7 C04  804  804    5    1.465082   4  120.216605   3   -2.561528 exa    1
   8 C05  805  805    5    1.401952   4  117.727574   3  177.366052 exa    1
   9 H06  806  806    6    1.096477   4  119.489860   3    0.000000 exa    1
  10 C07  807  807    6    1.442898   4  121.888854   3 -179.927579 exa    1
  11 S08  808  808    7    1.769119   5  120.815238   4  -11.182263 exa    1
  12 C09  809  809    7    1.402447   5  129.888836   4  168.169525 exa    1
  13 H0A  810  810    8    1.093506   5  119.489860   4 -179.927579 exa    1
  14 C0B  811  811    8    1.433598   5  122.362504   4    0.000000 exa    1
  15 C0C  812  812   10    1.424978   6  122.091545   4 -179.927579 exa    1
  16 C0D  813  813   11    1.771390   7   93.402218   5 -179.927579 exa    1
  17 O0E  814  814   12    1.378269   7  123.729819   5    0.000000 exa    1
  18 C0F  815  815   12    1.433526   7  114.221695   5  179.927579 exa    1
  19 C0G  816  816   14    1.433260   8  121.283435   5 -179.927579 exa    1
  20 C0H  817  817   15    1.491448  10  119.885609   6    0.000000 exa    1
  21 C0I  818  818   15    1.433103  10  119.753519   6 -179.927579 exa    1
  22 C0J  819  819   16    1.451025  11  118.964589   7 -179.927579 exa    1
  23 C0K  820  820   17    1.440190  12  113.407562   7 -160.325658 exa    1
  24 O0M  821  821   18    1.374864  12  121.888854   7  176.304730 exa    1
  25 C0N  822  822   19    1.491553  14  119.885609   8    2.561528 exa    1
  26 C0O  823  823   19    1.426999  14  119.819542   8 -179.927579 exa    1
  27 S0P  824  824   20    1.776387  15  121.082496  10 -103.079024 exa    1
  28 C0Q  825  825   20    1.387408  15  129.145852  10   75.905777 exa    1
  29 C0R  826  826   21    1.435002  15  121.552023  10 -179.927579 exa    1
  30 C0S  827  827   22    1.410033  16  127.973109  11   31.447861 exa    1
  31 N0T  828  828   22    1.402515  16  124.700034  11 -146.975515 exa    1
  32 H0U  829  829   23    1.106424  17  106.277120  12 -166.588472 exa    1
  33 H0V  830  830   23    1.113068  17  109.771777  12   75.728581 exa    1
  34 C0W  831  831   23    1.529067  17  110.504014  12  -45.794761 exa    1
  35 S0X  832  832   25    1.775321  19  121.082496  14  -99.515277 exa    1
  36 C0Y  833  833   25    1.386249  19  129.219795  14   79.772825 exa    1
  37 C0Z  834  834   26    1.441273  19  122.023931  14 -179.927579 exa    1
  38 C10  835  835   27    1.763211  20   92.484603  15  179.927579 exa    1
  39 H11  836  836   28    1.098187  20  122.226923  15    0.000000 exa    1
  40 C12  837  837   28    1.435650  20  113.782680  15 -179.927579 exa    1
  41 H13  838  838   29    1.095489  21  117.468958  15    2.561528 exa    1
  42 C14  839  839   29    1.397209  21  122.906884  15 -179.927579 exa    1
  43 C15  840  840   30    1.432906  22  109.103514  16 -179.927579 exa    1
  44 C16  841  841   30    1.461020  22  142.034989  16    2.561528 exa    1
  45 C17  842  842   31    1.463624  22  111.301255  16  179.927579 exa    1
  46 C18  843  843   31    1.457715  22  128.337541  16    9.244984 exa    1
  47 H19  844  844   34    1.105946  23  111.178325  17  179.927579 exa    1
  48 H1A  845  845   34    1.113477  23  110.015475  17  -60.305977 exa    1
  49 C1B  846  846   35    1.761963  25   92.541933  19  179.927579 exa    1
  50 H1C  847  847   36    1.098216  25  122.226923  19    0.000000 exa    1
  51 C1D  848  848   36    1.435979  25  113.782680  19 -179.927579 exa    1
  52 H1E  849  849   37    1.097050  26  118.507161  19    2.561528 exa    1
  53 C1F  850  850   37    1.381577  26  121.821389  19 -179.927579 exa    1
  54 C1G  851  851   38    1.508088  27  121.149428  20 -179.927579 exa    1
  55 H1H  852  852   40    1.098865  28  123.523352  20 -179.927579 exa    1
  56 C1I  853  853   42    1.489280  29  121.350510  21 -179.927579 exa    1
  57 C1J  854  854   43    1.409122  30  109.103514  22  179.927579 exa    1
  58 O1K  855  855   44    1.231748  30  133.973293  22    0.000000 exa    1
  59 N1M  856  856   44    1.462780  30  103.432128  22  179.927579 exa    1
  60 O1N  857  857   45    1.230462  31  122.498288  22 -179.927579 exa    1
  61 H1O  858  858   46    1.106278  31  111.979241  22  -81.166509 exa    1
  62 H1P  859  859   46    1.109097  31  110.748868  22   40.076877 exa    1
  63 H1Q  860  860   46    1.106404  31  106.456234  22  159.654090 exa    1
  64 C1R  861  861   49    1.508203  35  121.149428  25  179.927579 exa    1
  65 H1S  862  862   51    1.099267  36  123.523352  25 -179.927579 exa    1
  66 H1T  863  863   53    1.098192  37  119.226887  26 -179.927579 exa    1
  67 H1U  864  864   54    1.107694  38  109.832666  27 -179.927579 exa    1
  68 H1V  865  865   54    1.110954  38  112.164707  27  -59.045597 exa    1
  69 H1W  866  866   54    1.111013  38  112.041036  27   61.289929 exa    1
  70 C1X  867  867   56    1.443649  42  120.748540  29  -28.943375 exa    1
  71 C1Y  868  868   56    1.396111  42  121.484804  29  150.748477 exa    1
  72 C1Z  869  869   57    1.450760  43  128.410647  30  179.927579 exa    1
  73 C20  870  870   59    1.459344  44  119.753519  30 -171.046030 exa    1
  74 H21  871  871   64    1.111176  49  112.041036  35  -61.028460 exa    1
  75 H22  872  872   64    1.107529  49  109.893579  35  179.927579 exa    1
  76 H23  873  873   64    1.111396  49  112.164707  35   59.245691 exa    1
  77 H24  874  874   70    1.098660  56  119.226887  42   -2.561528 exa    1
  78 C25  875  875   70    1.380405  56  121.350510  42  179.927579 exa    1
  79 H26  876  876   71    1.096748  56  119.621603  42    0.000000 exa    1
  80 C27  877  877   71    1.436997  56  122.770477  42 -179.927579 exa    1
  81 S28  878  878   72    1.779017  57  119.489860  43  -33.578329 exa    1
  82 C29  879  879   72    1.404504  57  131.247046  43  142.409437 exa    1
  83 H2A  880  880   73    1.105417  59  106.336807  44    5.124338 exa    1
  84 H2B  881  881   73    1.109037  59  110.810143  44  124.144256 exa    1
  85 H2C  882  882   73    1.105427  59  111.917473  44 -114.473241 exa    1
  86 H2D  883  883   78    1.097095  70  119.555710  56  179.927579 exa    1
  87 C2E  884  884   78    1.440917  70  121.821389  56    0.000000 exa    1
  88 C2F  885  885   80    1.430773  71  121.484804  56  179.927579 exa    1
  89 C2G  886  886   81    1.754468  72   93.115380  57  179.927579 exa    1
  90 O2H  887  887   82    1.375509  72  124.560741  57    0.000000 exa    1
  91 C2I  888  888   82    1.438551  72  113.532482  57 -177.366052 exa    1
  92 C2J  889  889   87    1.426799  78  122.091545  70 -179.927579 exa    1
  93 C2K  890  890   88    1.491943  80  120.017874  71    0.000000 exa    1
  94 C2M  891  891   88    1.427813  80  119.819542  71 -179.927579 exa    1
  95 C2N  892  892   89    1.503788  81  122.498288  72  179.927579 exa    1
  96 C2O  893  893   90    1.444092  82  113.470007  72 -163.470608 exa    1
  97 O2P  894  894   91    1.380076  82  122.498288  72  179.927579 exa    1
  98 C2Q  895  895   92    1.492121  87  119.951720  78    0.000000 exa    1
  99 C2R  896  896   92    1.430034  87  119.819542  78 -179.927579 exa    1
 100 S2S  897  897   93    1.774204  88  121.015611  80  -86.181040 exa    1
 101 C2T  898  898   93    1.386666  88  129.145852  80   93.516978 exa    1
 102 C2U  899  899   94    1.440895  88  121.821389  80  179.927579 exa    1
 103 H2V 9500 9500   95    1.109536  89  111.794018  81  -46.272056 exa    1
 104 H2W 9501 9501   95    1.107024  89  109.589249  81 -166.342553 exa    1
 105 H2X 9502 9502   95    1.111657  89  111.979241  81   73.889023 exa    1
 106 H2Y 9503 9503   96    1.106941  90  106.217452  82 -164.513213 exa    1
 107 H2Z 9504 9504   96    1.113489  90  109.467679  82   77.963447 exa    1
 108 C30 9505 9505   96    1.531149  90  110.932769  82  -43.596729 exa    1
 109 S31 9506 9506   98    1.775885  92  120.948773  87  -96.161332 exa    1
 110 C32 9507 9507   98    1.386248  92  129.219795  87   83.593389 exa    1
 111 C33 9508 9508   99    1.440373  92  121.686608  87 -179.927579 exa    1
 112 C34 9509 9509  100    1.763377  93   92.484603  88  179.927579 exa    1
 113 H35 9510 9510  101    1.098025  93  122.226923  88    0.000000 exa    1
 114 C36 9511 9511  101    1.435931  93  113.720085  88 -179.927579 exa    1
 115 H37 9512 9512  102    1.097702  94  118.507161  88    0.000000 exa    1
 116 C38 9513 9513  102    1.381745  94  121.484804  88 -179.927579 exa    1
 117 H39 9514 9514  108    1.107963  96  110.748868  90  179.927579 exa    1
 118 H3A 9515 9515  108    1.114904  96  109.954515  90  -60.108038 exa    1
 119 C3B 9516 9516  109    1.764229  98   92.484603  92  179.927579 exa    1
 120 H3C 9517 9517  110    1.097720  98  122.226923  92    0.000000 exa    1
 121 C3D 9518 9518  110    1.436574  98  113.782680  92  179.927579 exa    1
 122 H3E 9519 9519  111    1.098296  99  117.921940  92    0.000000 exa    1
 123 C3F 9520 9520  111    1.388633  99  122.566258  92  179.927579 exa    1
 124 C3G 9521 9521  112    1.507730 100  121.149428  93 -179.927579 exa    1
 125 H3H 9522 9522  114    1.099071 101  123.592119  93  179.927579 exa    1
 126 H3I 9523 9523  116    1.101764 102  119.489860  94  179.927579 exa    1
 127 C3J 9524 9524  119    1.507296 109  121.149428  98 -179.927579 exa    1
 128 H3K 9525 9525  121    1.099101 110  123.592119  98 -179.927579 exa    1
 129 C3M 9526 9526  123    1.515966 111  121.888854  99 -179.927579 exa    1
 130 H3N 9527 9527  124    1.110903 112  112.164707 100  -60.700692 exa    1
 131 H3O 9528 9528  124    1.108069 112  109.832666 100  179.927579 exa    1
 132 H3P 9529 9529  124    1.110339 112  112.102858 100   59.777262 exa    1
 133 H3Q 9530 9530  127    1.108307 119  109.771777 109 -179.927579 exa    1
 134 H3R 9531 9531  127    1.110885 119  112.164707 109  -58.978806 exa    1
 135 H3S 9532 9532  127    1.110986 119  112.226583 109   61.485602 exa    1
 136 H3T 9533 9533  129    1.107634 123  111.794018 111    0.000000 exa    1
 137 H3U 9534 9534  129    1.110641 123  111.362759 111 -122.362504 exa    1
 138 H3V 9535 9535  129    1.111485 123  111.178325 111  119.095654 exa    1
                    Geometry Variations follow    (2I4,F12.6)                   
                    Variable Bonds follow         (I4)                          
   4
   5
   6
   7
   8
   9
  10
  11
  12
  13
  14
  15
  16
  17
  18
  19
  20
  21
  22
  23
  24
  25
  26
  27
  28
  29
  30
  31
  32
  33
  34
  35
  36
  37
  38
  39
  40
  41
  42
  43
  44
  45
  46
  47
  48
  49
  50
  51
  52
  53
  54
  55
  56
  57
  58
  59
  60
  61
  62
  63
  64
  65
  66
  67
  68
  69
  70
  71
  72
  73
  74
  75
  76
  77
  78
  79
  80
  81
  82
  83
  84
  85
  86
  87
  88
  89
  90
  91
  92
  93
  94
  95
  96
  97
  98
  99
 100
 101
 102
 103
 104
 105
 106
 107
 108
 109
 110
 111
 112
 113
 114
 115
 116
 117
 118
 119
 120
 121
 122
 123
 124
 125
 126
 127
 128
 129
 130
 131
 132
 133
 134
 135
 136
 137
 138
                    Additional Bonds follow       (2I4)                         
  14  10
  18  16
  26  21
  34  24
  40  38
  53  42
  45  43
  51  49
  59  57
  87  80
  91  89
  99  94
 108  97
 114 112
 123 116
 121 119
                    Harmonic Constraints follow   (2I4,4F10.4)                  
                    Variable Bond Angles follow   (I4)                          
   5
   6
   7
   8
   9
  10
  11
  12
  13
  14
  15
  16
  17
  18
  19
  20
  21
  22
  23
  24
  25
  26
  27
  28
  29
  30
  31
  32
  33
  34
  35
  36
  37
  38
  39
  40
  41
  42
  43
  44
  45
  46
  47
  48
  49
  50
  51
  52
  53
  54
  55
  56
  57
  58
  59
  60
  61
  62
  63
  64
  65
  66
  67
  68
  69
  70
  71
  72
  73
  74
  75
  76
  77
  78
  79
  80
  81
  82
  83
  84
  85
  86
  87
  88
  89
  90
  91
  92
  93
  94
  95
  96
  97
  98
  99
 100
 101
 102
 103
 104
 105
 106
 107
 108
 109
 110
 111
 112
 113
 114
 115
 116
 117
 118
 119
 120
 121
 122
 123
 124
 125
 126
 127
 128
 129
 130
 131
 132
 133
 134
 135
 136
 137
 138
                    Additional Bond Angles follow (3I4)                         
   5   4   6
   6  10  14
   7   5   8
   8  14  10
   9   6  10
  10  14  19
  11   7  12
  11  16  18
  12  18  16
  13   8  14
  14  10  15
  15  21  26
  16  18  24
  17  12  18
  18  16  22
  18  24  34
  19  26  21
  20  15  21
  21  26  37
  23  34  24
  24  34  48
  24  34  47
  25  19  26
  26  21  29
  27  20  28
  27  38  40
  28  40  38
  29  42  53
  30  22  31
  30  43  45
  31  45  43
  32  23  33
  32  23  34
  33  23  34
  35  25  36
  35  49  51
  36  51  49
  37  53  42
  38  40  55
  39  28  40
  40  38  54
  41  29  42
  42  53  66
  43  30  44
  43  57  59
  43  45  60
  44  59  57
  45  31  46
  45  43  57
  47  34  48
  49  51  65
  50  36  51
  51  49  64
  52  37  53
  53  42  56
  57  59  73
  58  44  59
  59  57  72
  61  46  62
  61  46  63
  62  46  63
  67  54  68
  67  54  69
  68  54  69
  70  56  71
  71  80  87
  74  64  76
  74  64  75
  75  64  76
  77  70  78
  78  87  80
  79  71  80
  80  87  92
  81  72  82
  81  89  91
  82  91  89
  83  73  85
  83  73  84
  84  73  85
  86  78  87
  87  80  88
  88  94  99
  89  91  97
  90  82  91
  91  89  95
  91  97 108
  92  99  94
  93  88  94
  94  99 111
  96 108  97
  97 108 118
  97 108 117
  98  92  99
  99  94 102
 100  93 101
 100 112 114
 101 114 112
 102 116 123
 103  95 104
 103  95 105
 104  95 105
 106  96 107
 106  96 108
 107  96 108
 109  98 110
 109 119 121
 110 121 119
 111 123 116
 112 114 125
 113 101 114
 114 112 124
 115 102 116
 116 123 129
 117 108 118
 119 121 128
 120 110 121
 121 119 127
 122 111 123
 123 116 126
 130 124 132
 130 124 131
 131 124 132
 133 127 134
 133 127 135
 134 127 135
 136 129 138
 136 129 137
 137 129 138
                    Variable Dihedrals follow     (3I4,F12.6)                   
   6 162 162    2.000000
   7 165 165    2.000000
   8 165 165    2.000000
   9 165 165    2.000000
  10 165 165    2.000000
  11 429 429    5.000000
  12 426 426    5.000000
  13 165 165    2.000000
  14 165 165    2.000000
  15 165 165    2.000000
  16 165 165    2.000000
  17 223 223    5.000000
  18 165 165    2.000000
  19 174 174    2.000000
  20 165 165    2.000000
  21 165 165    2.000000
  22 165 165    2.000000
  23  13  13    5.000000
  24 223 223    5.000000
  25 165 165    2.000000
  26 165 165    2.000000
  27 429 429    5.000000
  28 426 426    5.000000
  29 165 165    2.000000
  30 223 223    5.000000
  31 223 223    5.000000
  32  12  12    5.000000
  33  12  12    5.000000
  34  13  13    5.000000
  35 429 429    5.000000
  36 426 426    5.000000
  37 165 165    2.000000
  38 165 165    2.000000
  39 165 165    2.000000
  40 165 165    2.000000
  41 165 165    2.000000
  42 174 174    2.000000
  43 219 219    5.000000
  44 165 165    2.000000
  45 171 171    2.000000
  46 171 171    2.000000
  47   5   5    5.000000
  48   5   5    5.000000
  49 165 165    2.000000
  50 165 165    2.000000
  51 165 165    2.000000
  52 165 165    2.000000
  53 165 165    2.000000
  54 165 165    2.000000
  55 165 165    2.000000
  56 165 165    2.000000
  57 222 222    2.000000
  58 205 205    2.000000
  59  66  66    5.000000
  60  44  44    2.000000
  61  21  21   10.000000
  62  21  21   10.000000
  63  21  21   10.000000
  64 165 165    2.000000
  65 165 165    2.000000
  66 165 165    2.000000
  67 318 318   10.000000
  68 318 318   10.000000
  69 318 318   10.000000
  70 423 423    5.000000
  71 423 423    5.000000
  72 219 219    5.000000
  73  44  44    2.000000
  74 318 318   10.000000
  75 318 318   10.000000
  76 318 318   10.000000
  77 165 165    2.000000
  78 165 165    2.000000
  79 165 165    2.000000
  80 165 165    2.000000
  81 223 223    5.000000
  82 165 165    2.000000
  83  21  21   10.000000
  84  21  21   10.000000
  85  21  21   10.000000
  86 165 165    2.000000
  87 165 165    2.000000
  88 174 174    2.000000
  89 165 165    2.000000
  90 223 223    5.000000
  91 165 165    2.000000
  92 165 165    2.000000
  93 165 165    2.000000
  94 165 165    2.000000
  95 165 165    2.000000
  96  17  17    5.000000
  97 223 223    5.000000
  98 165 165    2.000000
  99 165 165    2.000000
 100 429 429    5.000000
 101 426 426    5.000000
 102 165 165    2.000000
 103 318 318   10.000000
 104 318 318   10.000000
 105 318 318   10.000000
 106  12  12    5.000000
 107  12  12    5.000000
 108  13  13    5.000000
 109 429 429    5.000000
 110 426 426    5.000000
 111 165 165    2.000000
 112 165 165    2.000000
 113 165 165    2.000000
 114 165 165    2.000000
 115 165 165    2.000000
 116 165 165    2.000000
 117   5   5    5.000000
 118   5   5    5.000000
 119 165 165    2.000000
 120 165 165    2.000000
 121 165 165    2.000000
 122 165 165    2.000000
 123 165 165    2.000000
 124 165 165    2.000000
 125 165 165    2.000000
 126 165 165    2.000000
 127 165 165    2.000000
 128 165 165    2.000000
 129 165 165    2.000000
 130 318 318   10.000000
 131 318 318   10.000000
 132 318 318   10.000000
 133 318 318   10.000000
 134 318 318   10.000000
 135 318 318   10.000000
 136  20  20   10.000000
 137  20  20   10.000000
 138  20  20   10.000000
                    Additional Dihedrals follow   (6I4)                         
   4   6  10  14 165 165
   5   4   6   9 165 165
   5   4   6  10 165 165
   5   8  14  10 165 165
   6   4   5   8 165 165
   6  10  14   8 165 165
   6   4   5   7 165 165
   6  10  14  19 165 165
   7   5   8  14 165 165
   7   5   8  13 165 165
   8   5   7  11 429 429
   8   5   7  12 426 426
   8  14  10  15 165 165
   9   6  10  15 165 165
   9   6  10  14 165 165
  10  15  21  26 165 165
  10  14  19  26 165 165
  10  14   8  13 165 165
  10  14  19  25 165 165
  11   7  12  17 165 165
  11  16  18  24 223 223
  12  18  24  34  17  17
  12  18  16  22 165 165
  13   8  14  19 165 165
  14  10  15  20 165 165
  14  10  15  21 165 165
  14  19  26  21 165 165
  15  10  14  19 165 165
  15  21  26  19 165 165
  15  21  26  37 165 165
  16  18  12  17 223 223
  16  18  24  34  17  17
  17  12  18  24 223 223
  17  23  34  24  16  16
  18  12  17  23  17  17
  18  24  34  23  13  13
  18  16  22  30 165 165
  18  16  22  31 223 223
  18  24  34  48  12  12
  18  24  34  47  12  12
  19  26  21  29 165 165
  20  15  21  29 165 165
  20  15  21  26 165 165
  21  15  20  27 429 429
  21  15  20  28 426 426
  21  29  42  53 165 165
  21  26  37  53 165 165
  21  26  19  25 165 165
  21  26  37  52 165 165
  22  16  18  24 223 223
  24  34  23  33   5   5
  24  34  23  32   5   5
  25  19  26  37 165 165
  26  19  25  36 426 426
  26  19  25  35 429 429
  26  21  29  41 165 165
  26  21  29  42 165 165
  26  37  53  42 165 165
  27  20  28  39 170 170
  27  38  40  55 170 170
  28  40  38  54 165 165
  29  21  26  37 165 165
  29  42  53  37 165 165
  29  42  53  66 165 165
  30  22  31  46 171 171
  30  43  45  60 205 205
  31  22  30  44 222 222
  31  45  43  57  66  66
  32  23  34  48   1   1
  32  23  34  47   1   1
  33  23  34  48   1   1
  33  23  34  47   1   1
  35  25  36  50 170 170
  35  49  51  65 170 170
  36  51  49  64 165 165
  37  53  42  56 165 165
  38  40  28  39 165 165
  39  28  40  55 165 165
  40  38  54  68  20  20
  40  38  54  67  20  20
  40  38  54  69  20  20
  41  29  42  56 165 165
  41  29  42  53 165 165
  42  53  37  52 165 165
  43  30  44  58 205 205
  43  57  59  73 171 171
  43  45  31  46  44  44
  44  30  43  45 222 222
  44  59  57  72 171 171
  45  31  46  62  21  21
  45  31  46  61  21  21
  45  31  46  63  21  21
  45  43  57  59 222 222
  45  43  57  72 165 165
  46  31  45  60  44  44
  49  51  36  50 165 165
  50  36  51  65 165 165
  51  49  64  74  20  20
  51  49  64  76  20  20
  51  49  64  75  20  20
  52  37  53  66 165 165
  53  42  56  70 423 423
  53  42  56  71 423 423
  54  38  40  55 165 165
  56  42  53  66 165 165
  56  71  80  87 165 165
  57  43  45  60 205 205
  57  59  44  58  44  44
  57  59  73  83  21  21
  57  59  73  85  21  21
  57  59  73  84  21  21
  58  44  59  73  44  44
  59  57  72  82 223 223
  59  57  72  81 223 223
  64  49  51  65 165 165
  70  56  71  80 165 165
  70  78  87  80 165 165
  70  56  71  79 165 165
  71  56  70  78 165 165
  71  80  87  78 165 165
  71  56  70  77 165 165
  71  80  87  92 165 165
  72  57  59  73 171 171
  77  70  78  86 165 165
  77  70  78  87 165 165
  78  87  80  88 165 165
  79  71  80  87 165 165
  79  71  80  88 165 165
  80  87  78  86 165 165
  80  87  92  98 165 165
  80  87  92  99 165 165
  80  88  94  99 165 165
  81  72  82  90 223 223
  81  89  91  97 165 165
  82  91  97 108  17  17
  82  91  89  95 165 165
  86  78  87  92 165 165
  87  80  88  94 165 165
  87  92  99  94 165 165
  87  80  88  93 165 165
  88  80  87  92 165 165
  88  94  99  92 165 165
  88  94  99 111 165 165
  89  91  82  90 223 223
  89  91  97 108  13  13
  90  82  91  97 223 223
  90  96 108  97  16  16
  91  82  90  96  17  17
  91  97 108  96  13  13
  91  89  95 104  20  20
  91  89  95 103  20  20
  91  89  95 105  20  20
  91  97 108 118  12  12
  91  97 108 117  12  12
  92  99  94 102 165 165
  93  88  94  99 165 165
  93  88  94 102 165 165
  94  88  93 101 426 426
  94  88  93 100 429 429
  94  99  92  98 165 165
  94  99 111 122 165 165
  94  99 111 123 165 165
  94 102 116 123 165 165
  95  89  91  97 165 165
  97 108  96 106   5   5
  97 108  96 107   5   5
  98  92  99 111 165 165
  99  92  98 109 429 429
  99  92  98 110 426 426
  99  94 102 116 165 165
  99 111 123 116 165 165
  99  94 102 115 165 165
 100  93 101 113 170 170
 100 112 114 125 170 170
 101 114 112 124 165 165
 102  94  99 111 165 165
 102 116 123 111 165 165
 102 116 123 129 165 165
 106  96 108 118   1   1
 106  96 108 117   1   1
 107  96 108 118   1   1
 107  96 108 117   1   1
 109  98 110 120 170 170
 109 119 121 128 170 170
 110 121 119 127 165 165
 111 123 116 126 165 165
 112 114 101 113 165 165
 113 101 114 125 165 165
 114 112 124 130  20  20
 114 112 124 132  20  20
 114 112 124 131  20  20
 115 102 116 123 165 165
 115 102 116 126 165 165
 116 123 111 122 165 165
 116 123 129 136  20  20
 116 123 129 138  20  20
 116 123 129 137  20  20
 119 121 110 120 165 165
 120 110 121 128 165 165
 121 119 127 133  20  20
 121 119 127 134  20  20
 121 119 127 135  20  20
 122 111 123 129 165 165
 124 112 114 125 165 165
 126 116 123 129 165 165
 127 119 121 128 165 165
   7   8   5   4 162 162
  10   9   6   4 162 162
  12  11   7   5 162 162
  13  14   8   5 162 162
  14  15  10   6 162 162
  18  17  12   7 162 162
  19  10  14   8 162 162
  21  20  15  10 162 162
  18  22  16  11 162 162
  24  16  18  12 162 162
  25  26  19  14 162 162
  28  27  20  15 162 162
  26  29  21  15 162 162
  31  30  22  16 162 162
  35  36  25  19 162 162
  37  21  26  19 162 162
  39  40  28  20 162 162
  42  41  29  21 162 162
  43  44  30  22 162 162
  51  50  36  25 162 162
  52  53  37  26 162 162
  40  54  38  27 162 162
  55  38  40  28 162 162
  53  56  42  29 162 162
  45  57  43  30 162 162
  59  58  44  30 160 160
  60  43  45  31 160 160
  64  51  49  35 162 162
  65  49  51  36 162 162
  66  42  53  37 162 162
  71  70  56  42 162 162
  72  59  57  43 162 162
  77  78  70  56 162 162
  79  80  71  56 162 162
  81  82  72  57 162 162
  87  86  78  70 162 162
  88  87  80  71 162 162
  91  90  82  72 162 162
  92  80  87  78 162 162
  93  94  88  80 162 162
  95  91  89  81 162 162
  97  89  91  82 162 162
  99  98  92  87 162 162
 100 101  93  88 162 162
 102  99  94  88 162 162
 110 109  98  92 162 162
 111  94  99  92 162 162
 114 113 101  93 162 162
 115 116 102  94 162 162
 120 121 110  98 162 162
 123 122 111  99 162 162
 124 114 112 100 162 162
 125 112 114 101 162 162
 126 123 116 102 162 162
 121 127 119 109 162 162
 128 119 121 110 162 162
 129 116 123 111 162 162
                    Domain Definitions follow     (4I4)                         
                    Conformational Search (2I4,2F12.6)                          
                    Local Heating Residues follow (I4 or I4-I4)                 
                    Final blank line                                            
                                                                                
 Final Non-Bonded Parameters for QM (AM1 CM1Ax1.14) Atoms:                      
                                                                                
 800  1 HA   0.161422  2.420000  0.030000                                       
 801  6 CA  -0.136499  3.550000  0.070000                                       
 802  6 C!  -0.011245  3.550000  0.070000                                       
 803  6 CA  -0.130929  3.550000  0.070000                                       
 804  6 CP  -0.062553  3.550000  0.070000                                       
 805  6 CA  -0.095452  3.550000  0.070000                                       
 806  1 HA   0.167344  2.420000  0.030000                                       
 807  6 CB  -0.015158  3.500000  0.080000                                       
 808 16 SA   0.132429  3.600000  0.355000                                       
 809  6 CS   0.030860  3.550000  0.070000                                       
 810  1 HA   0.184174  2.420000  0.030000                                       
 811  6 CB  -0.019417  3.500000  0.080000                                       
 812  6 C!   0.015701  3.550000  0.070000                                       
 813  6 CS  -0.156726  3.550000  0.070000                                       
 814  8 OS  -0.271185  2.900000  0.140000                                       
 815  6 CS   0.105628  3.550000  0.070000                                       
 816  6 C!   0.017379  3.550000  0.070000                                       
 817  6 CP  -0.117226  3.550000  0.070000                                       
 818  6 CB  -0.014777  3.500000  0.080000                                       
 819  6 CS   0.436908  3.550000  0.070000                                       
 820  6 CT  -0.035778  3.500000  0.066000                                       
 821  8 OS  -0.271028  2.900000  0.140000                                       
 822  6 CP  -0.112930  3.550000  0.070000                                       
 823  6 CB  -0.016795  3.500000  0.080000                                       
 824 16 SA   0.019946  3.600000  0.355000                                       
 825  6 CS  -0.138920  3.550000  0.070000                                       
 826  6 CA  -0.124583  3.550000  0.070000                                       
 827  6 CM  -0.288979  3.550000  0.076000                                       
 828  7 NS  -0.764642  3.250000  0.170000                                       
 829  1 HC   0.131604  2.500000  0.030000                                       
 830  1 HC   0.131604  2.500000  0.030000                                       
 831  6 CT  -0.039419  3.500000  0.066000                                       
 832 16 SA   0.023574  3.600000  0.355000                                       
 833  6 CS  -0.137228  3.550000  0.070000                                       
 834  6 CA  -0.138192  3.550000  0.070000                                       
 835  6 CP  -0.138225  3.550000  0.070000                                       
 836  1 HA   0.184430  2.420000  0.030000                                       
 837  6 CS  -0.170315  3.550000  0.070000                                       
 838  1 HA   0.164234  2.420000  0.030000                                       
 839  6 C!  -0.028723  3.550000  0.070000                                       
 840  6 CM  -0.288160  3.550000  0.076000                                       
 841  6 C    0.627610  3.550000  0.070000                                       
 842  6 C    0.629660  3.550000  0.070000                                       
 843  6 CT   0.048238  3.500000  0.066000                                       
 844  1 HC   0.127892  2.500000  0.030000                                       
 845  1 HC   0.127892  2.500000  0.030000                                       
 846  6 CP  -0.141323  3.550000  0.070000                                       
 847  1 HA   0.184692  2.420000  0.030000                                       
 848  6 CS  -0.172552  3.550000  0.070000                                       
 849  1 HA   0.164002  2.420000  0.030000                                       
 850  6 CA  -0.126065  3.550000  0.070000                                       
 851  6 CT  -0.168080  3.500000  0.066000                                       
 852  1 HA   0.177963  2.420000  0.030000                                       
 853  6 C!  -0.034348  3.550000  0.070000                                       
 854  6 CS   0.436133  3.550000  0.070000                                       
 855  8 O   -0.420845  2.960000  0.210000                                       
 856  7 NS  -0.759717  3.250000  0.170000                                       
 857  8 O   -0.419141  2.960000  0.210000                                       
 858  1 HC   0.108461  2.500000  0.030000                                       
 859  1 HC   0.108461  2.500000  0.030000                                       
 860  1 HC   0.108461  2.500000  0.030000                                       
 861  6 CT  -0.167296  3.500000  0.066000                                       
 862  1 HA   0.174125  2.420000  0.030000                                       
 863  1 HA   0.156980  2.420000  0.030000                                       
 864  1 HC   0.101141  2.500000  0.030000                                       
 865  1 HC   0.101141  2.500000  0.030000                                       
 866  1 HC   0.101141  2.500000  0.030000                                       
 867  6 CA  -0.130874  3.550000  0.070000                                       
 868  6 CA  -0.119211  3.550000  0.070000                                       
 869  6 CS  -0.159358  3.550000  0.070000                                       
 870  6 CT   0.043934  3.500000  0.066000                                       
 871  1 HC   0.099841  2.500000  0.030000                                       
 872  1 HC   0.099841  2.500000  0.030000                                       
 873  1 HC   0.099841  2.500000  0.030000                                       
 874  1 HA   0.158521  2.420000  0.030000                                       
 875  6 CA  -0.136500  3.550000  0.070000                                       
 876  1 HA   0.163948  2.420000  0.030000                                       
 877  6 CB  -0.021107  3.500000  0.080000                                       
 878 16 SA   0.125482  3.600000  0.355000                                       
 879  6 CS   0.109774  3.550000  0.070000                                       
 880  1 HC   0.109730  2.500000  0.030000                                       
 881  1 HC   0.109730  2.500000  0.030000                                       
 882  1 HC   0.109730  2.500000  0.030000                                       
 883  1 HA   0.164549  2.420000  0.030000                                       
 884  6 CB  -0.013817  3.500000  0.080000                                       
 885  6 C!   0.016494  3.550000  0.070000                                       
 886  6 CP  -0.119030  3.550000  0.070000                                       
 887  8 OS  -0.274481  2.900000  0.140000                                       
 888  6 CS   0.018594  3.550000  0.070000                                       
 889  6 C!   0.009668  3.550000  0.070000                                       
 890  6 CP  -0.115560  3.550000  0.070000                                       
 891  6 CB  -0.021373  3.500000  0.080000                                       
 892  6 CT  -0.164059  3.500000  0.066000                                       
 893  6 CT  -0.037366  3.500000  0.066000                                       
 894  8 OS  -0.269887  2.900000  0.140000                                       
 895  6 CP  -0.110911  3.550000  0.070000                                       
 896  6 CB  -0.010338  3.500000  0.080000                                       
 897 16 SA   0.022974  3.600000  0.355000                                       
 898  6 CS  -0.142143  3.550000  0.070000                                       
 899  6 CA  -0.132654  3.550000  0.070000                                       
9500  1 HC   0.107896  2.500000  0.030000                                       
9501  1 HC   0.107896  2.500000  0.030000                                       
9502  1 HC   0.107896  2.500000  0.030000                                       
9503  1 HC   0.132101  2.500000  0.030000                                       
9504  1 HC   0.132101  2.500000  0.030000                                       
9505  6 CT  -0.037927  3.500000  0.066000                                       
9506 16 SA   0.018333  3.600000  0.355000                                       
9507  6 CS  -0.141761  3.550000  0.070000                                       
9508  6 CA  -0.138896  3.550000  0.070000                                       
9509  6 CP  -0.138499  3.550000  0.070000                                       
9510  1 HA   0.183439  2.420000  0.030000                                       
9511  6 CS  -0.172515  3.550000  0.070000                                       
9512  1 HA   0.163576  2.420000  0.030000                                       
9513  6 CA  -0.141300  3.550000  0.070000                                       
9514  1 HC   0.127059  2.500000  0.030000                                       
9515  1 HC   0.127059  2.500000  0.030000                                       
9516  6 CP  -0.140282  3.550000  0.070000                                       
9517  1 HA   0.183870  2.420000  0.030000                                       
9518  6 CS  -0.171338  3.550000  0.070000                                       
9519  1 HA   0.161363  2.420000  0.030000                                       
9520  6 CA  -0.071408  3.550000  0.070000                                       
9521  6 CT  -0.167955  3.500000  0.066000                                       
9522  1 HA   0.176705  2.420000  0.030000                                       
9523  1 HA   0.151534  2.420000  0.030000                                       
9524  6 CT  -0.167679  3.500000  0.066000                                       
9525  1 HA   0.176739  2.420000  0.030000                                       
9526  6 CT  -0.197598  3.500000  0.066000                                       
9527  1 HC   0.100874  2.500000  0.030000                                       
9528  1 HC   0.100874  2.500000  0.030000                                       
9529  1 HC   0.100874  2.500000  0.030000                                       
9530  1 HC   0.100497  2.500000  0.030000                                       
9531  1 HC   0.100497  2.500000  0.030000                                       
9532  1 HC   0.100497  2.500000  0.030000                                       
9533  1 HC   0.094907  2.500000  0.030000                                       
9534  1 HC   0.094907  2.500000  0.030000                                       
9535  1 HC   0.094907  2.500000  0.030000                                       
                                                                                
