101.3767 -38.79962 -18.80511 15.23702 0.36824616 37.49
64.81581 -28.73079 -31.19908 12.83886 0.31147183 17.33
45.29875 -19.77609 -32.06192 40.43193 0.3824598 28.29
85.56775 -39.24651 -38.02507 17.91761 0.4896755 49.84
109.36904 -40.41558 -18.17927 11.82292 0.25019582 14.15
28.36957 -13.64479 -38.55109 27.42036 0.8856747 86.68
87.54866 -33.79925 -19.37848 16.37951 0.38268991 43.12
44.84479 -22.13794 0.02276 9.3895 0.10778359 0
80.63193 -34.36744 -11.62928 18.06569 0.34261744 30.8
49.21898 -31.93496 -7.37193 33.17684 0.28855325 15.39
77.19098 -33.57032 -29.74347 10.91271 0.2649846 10.46
32.48622 -14.49213 -32.24133 40.45457 0.43006179 29.66
93.89144 -35.66201 -16.75195 12.64109 0.28675511 19.62
7.14328 -4.45366 -35.74996 41.62367 0.96904109 81.39
78.81759 -31.83115 -4.49428 7.11205 0.14477774 0
110.08794 -40.37142 -17.52529 11.60763 0.24103636 14.36
19.58436 -9.66989 -32.66815 41.27637 0.5618702 44.62
94.01207 -42.70725 -15.80407 21.28032 0.33972339 31.53
94.55103 -35.58402 -17.8714 12.09925 0.28966729 20.57
118.47307 -47.50003 -20.0705 10.80112 0.20054603 6.8
51.9195 -23.84507 -31.90172 13.02981 0.36286646 22.4
80.86856 -30.60287 -16.54467 13.20234 0.30640028 25.71